~v varFloor1
<Variance> 180
 5.832779e-02 1.664912e-02 2.501022e-03 1.938250e-03 1.244032e-03 6.718420e-04 4.893313e-04 6.785002e-04 4.999011e-04 4.632509e-04 2.872637e-04 2.459667e-04 2.867751e-04 3.284725e-04 2.576161e-04 3.236133e-04 2.096523e-04 1.735994e-04 1.619291e-04 1.493226e-04 1.761563e-04 1.382008e-04 1.104617e-04 1.073505e-04 9.933476e-05 9.386414e-05 9.966079e-05 8.831114e-05 8.161441e-05 7.422885e-05 7.512763e-05 6.797879e-05 6.890713e-05 6.357278e-05 5.317848e-05 5.066087e-05 5.565467e-05 5.405104e-05 4.647628e-05 3.702563e-05 3.717202e-05 3.839611e-05 3.651240e-05 3.307607e-05 3.080164e-05 2.931250e-05 2.887069e-05 2.649700e-05 2.758100e-05 2.794756e-05 2.633109e-05 2.581379e-05 2.338506e-05 2.055789e-05 2.101824e-05 2.211487e-05 2.323100e-05 2.306684e-05 2.187026e-05 2.055698e-05 4.764246e-04 2.424277e-04 1.187494e-04 7.722445e-05 6.202561e-05 5.146296e-05 4.327120e-05 4.061869e-05 4.121381e-05 3.993283e-05 3.534169e-05 3.443769e-05 3.312169e-05 3.294385e-05 3.201007e-05 3.189311e-05 2.993611e-05 2.761113e-05 2.694193e-05 2.549526e-05 2.527094e-05 2.421318e-05 2.281919e-05 2.173388e-05 2.067719e-05 1.959585e-05 1.893861e-05 1.805294e-05 1.718258e-05 1.633452e-05 1.569204e-05 1.462545e-05 1.384367e-05 1.317552e-05 1.244852e-05 1.190031e-05 1.126576e-05 1.073379e-05 1.003943e-05 9.421778e-06 9.071805e-06 8.770412e-06 8.447846e-06 8.065666e-06 7.655189e-06 7.258395e-06 6.980845e-06 6.662244e-06 6.574689e-06 6.377660e-06 6.167194e-06 5.906115e-06 5.650486e-06 5.376816e-06 5.263397e-06 5.184553e-06 5.109294e-06 4.947372e-06 4.762353e-06 4.531381e-06 4.666446e-04 2.433096e-04 2.239185e-04 1.593510e-04 1.412495e-04 1.333246e-04 1.257095e-04 1.222575e-04 1.227349e-04 1.198211e-04 1.141846e-04 1.124190e-04 1.105228e-04 1.088216e-04 1.068653e-04 1.042051e-04 1.000266e-04 9.495030e-05 9.207350e-05 8.831852e-05 8.646598e-05 8.313508e-05 7.923902e-05 7.613450e-05 7.190330e-05 6.892613e-05 6.633290e-05 6.351292e-05 6.106585e-05 5.808017e-05 5.512927e-05 5.232724e-05 4.931974e-05 4.728666e-05 4.510877e-05 4.309975e-05 4.108051e-05 3.894364e-05 3.663660e-05 3.464155e-05 3.333277e-05 3.240271e-05 3.116467e-05 2.983912e-05 2.832433e-05 2.690181e-05 2.569017e-05 2.488360e-05 2.443611e-05 2.374774e-05 2.305794e-05 2.205341e-05 2.093536e-05 2.013472e-05 1.979779e-05 1.954804e-05 1.918968e-05 1.866791e-05 1.796764e-05 1.707427e-05
~v varFloor2
<Variance> 1
 1.262191e-03
~v varFloor3
<Variance> 1
 9.266038e-06
~v varFloor4
<Variance> 1
 3.575549e-05
~v varFloor5
<Variance> 15
 9.616116e-02 2.987992e-02 2.772469e-02 2.674342e-02 2.750392e-02 7.191374e-03 3.069239e-03 3.024516e-03 2.965400e-03 2.960900e-03 4.249543e-02 2.242621e-02 2.404440e-02 2.362903e-02 2.363094e-02
