~v varFloor1
<Variance> 180
 5.093466e-02 1.087318e-02 2.352621e-03 1.745148e-03 1.498712e-03 6.909852e-04 9.949085e-04 3.764765e-04 8.112164e-04 4.340451e-04 4.387320e-04 3.267406e-04 3.775018e-04 2.405894e-04 2.658463e-04 2.014005e-04 2.251628e-04 1.743888e-04 1.971638e-04 1.442588e-04 1.442809e-04 1.342586e-04 1.107275e-04 1.036838e-04 9.882500e-05 8.815966e-05 8.929914e-05 9.235067e-05 7.884601e-05 7.525612e-05 6.776197e-05 6.330391e-05 5.435696e-05 5.653551e-05 4.907170e-05 4.874783e-05 4.557862e-05 4.850062e-05 4.328063e-05 4.182510e-05 3.905809e-05 3.726010e-05 3.447654e-05 3.341919e-05 3.347774e-05 3.270547e-05 3.102544e-05 2.904335e-05 2.770455e-05 2.669596e-05 2.566565e-05 2.468500e-05 2.469964e-05 2.462069e-05 2.345827e-05 2.226628e-05 2.213024e-05 2.148301e-05 2.139222e-05 2.105865e-05 6.068020e-04 2.638790e-04 1.575623e-04 8.654099e-05 8.012988e-05 5.431769e-05 5.508517e-05 4.589459e-05 5.030712e-05 4.709581e-05 4.453936e-05 4.340602e-05 3.851656e-05 3.780066e-05 3.708089e-05 3.518292e-05 3.207903e-05 3.137205e-05 2.978439e-05 2.831288e-05 2.699941e-05 2.565551e-05 2.389126e-05 2.274535e-05 2.178849e-05 2.053636e-05 1.985629e-05 1.853193e-05 1.757625e-05 1.650610e-05 1.566687e-05 1.474083e-05 1.404920e-05 1.330773e-05 1.264498e-05 1.195406e-05 1.134892e-05 1.074809e-05 1.027922e-05 9.752996e-06 9.381195e-06 8.981185e-06 8.564940e-06 8.207856e-06 7.898442e-06 7.625593e-06 7.328749e-06 7.083956e-06 6.850914e-06 6.590349e-06 6.366490e-06 6.147387e-06 5.958723e-06 5.797113e-06 5.638450e-06 5.459449e-06 5.330672e-06 5.178567e-06 5.045806e-06 4.919058e-06 8.481903e-04 3.609176e-04 3.744269e-04 2.248936e-04 2.134719e-04 1.760533e-04 1.759901e-04 1.641030e-04 1.683355e-04 1.639077e-04 1.595486e-04 1.539465e-04 1.462992e-04 1.434388e-04 1.408726e-04 1.346508e-04 1.272961e-04 1.244206e-04 1.175956e-04 1.124643e-04 1.070980e-04 1.021140e-04 9.705942e-05 9.276850e-05 8.859355e-05 8.435750e-05 8.055086e-05 7.615052e-05 7.285252e-05 6.884594e-05 6.557086e-05 6.206357e-05 5.919439e-05 5.615567e-05 5.342135e-05 5.088934e-05 4.824136e-05 4.620054e-05 4.407166e-05 4.206539e-05 4.051100e-05 3.880903e-05 3.717233e-05 3.586389e-05 3.446467e-05 3.327833e-05 3.205748e-05 3.097799e-05 3.006928e-05 2.897361e-05 2.810383e-05 2.718483e-05 2.640193e-05 2.574284e-05 2.505296e-05 2.430063e-05 2.369288e-05 2.301301e-05 2.248112e-05 2.190558e-05
~v varFloor2
<Variance> 1
 3.813370e-04
~v varFloor3
<Variance> 1
 7.392230e-06
~v varFloor4
<Variance> 1
 3.091917e-05
~v varFloor5
<Variance> 15
 1.434062e-01 4.644291e-02 4.650762e-02 3.768462e-02 3.207256e-02 1.186703e-02 6.433740e-03 6.871105e-03 5.703605e-03 4.924515e-03 7.002793e-02 5.027072e-02 5.418627e-02 4.687454e-02 4.204267e-02
